10	001
10	001
32	01100111100000000000000000000000000000000000000000000000000000000000000000000001
33	0110011110000000000000000000000000000000000000000000000000000000000000000000001
34	011001111000000000000000000000000000000000000000000000000000000000000000000001
35	01100111100000000000000000000000000000000000000000000000000000000000000000001
36	0110011110000000000000000000000000000000000000000000000000000000000000000001
37	011001111000000000000000000000000000000000000000000000000000000000000000001
38	01100111100000000000000000000000000000000000000000000000000000000000000001
39	0110011110000000000000000000000000000000000000000000000000000000000000001
40	011001111000000000000000000000000000000000000000000000000000000000000001
41	01100111100000000000000000000000000000000000000000000000000000000000001
42	0110011110000000000000000000000000000000000000000000000000000000000001
43	011001111000000000000000000000000000000000000000000000000000000000001
44	01100111100000000000000000000000000000000000000000000000000000000001
45	0110011110000000000000000000000000000000000000000000000000000000001
46	011001111000000000000000000000000000000000000000000000000000000001
47	01100111100000000000000000000000000000000000000000000000000000001
48	0110011110000000000000000000000000000000000000000000000000000001
49	011001111000000000000000000000000000000000000000000000000000001
50	01100111100000000000000000000000000000000000000000000000000001
51	0110011110000000000000000000000000000000000000000000000000001
52	011001111000000000000000000000000000000000000000000000000001
53	01100111100000000000000000000000000000000000000000000000001
54	0110011110000000000000000000000000000000000000000000000001
55	011001111000000000000000000000000000000000000000000000001
56	01100111100000000000000000000000000000000000000000000001
57	0110011110000000000000000000000000000000000000000000001
58	011001111000000000000000000000000000000000000000000001
59	01100111100000000000000000000000000000000000000000001
60	0110011110000000000000000000000000000000000000000001
61	011001111000000000000000000000000000000000000000001
62	01100111100000000000000000000000000000000000000001
63	0110011110000000000000000000000000000000000000001
64	011001111000000000000000000000000000000000000001
65	01100111100000000000000000000000000000000000001
66	0110011110000000000000000000000000000000000001
67	011001111000000000000000000000000000000000001
68	01100111100000000000000000000000000000000001
69	0110011110000000000000000000000000000000001
70	011001111000000000000000000000000000000001
71	01100111100000000000000000000000000000001
72	0110011110000000000000000000000000000001
73	011001111000000000000000000000000000001
74	01100111100000000000000000000000000001
75	0110011110000000000000000000000000001
76	011001111000000000000000000000000001
77	01100111100000000000000000000000001
78	0110011110000000000000000000000001
79	011001111000000000000000000000001
80	01100111100000000000000000000001
81	0110011110000000000000000000001
82	011001111000000000000000000001
83	01100111100000000000000000001
84	0110011110000000000000000001
85	011001111000000000000000001
86	01100111100000000000000001
87	0110011110000000000000001
88	011001111000000000000001
89	01100111100000000000001
90	0110011110000000000001
91	011001111000000000001
92	01100111100000000001
93	0110011110000000001
94	011001111000000001
95	01100111100000001
96	1001
97	110010
98	11000
99	11110
100	010
101	011000
102	01101
103	100011
104	1101
105	0110011111
106	0110010
107	0001
108	111110
109	1010
110	0000
111	111111
112	011001110
113	1011
114	1110
115	0111
116	10000
117	1100111
118	1100110
119	01100110
120	100010
121	01100111101
122	0110011110000001
123	011001111000001
124	01100111100001
125	0110011110001
126	011001111001
